,artela,brcchain,bridgeless,cosmos-evm,cvn,de-evm,egorasmarket,guru,helios,hetu,irishub,kava,lambdavm,mezod,mtt,ollo,planq,rarimo,rollup-evm,ssc,stride,tenet,uptick,xtelabs
artela,1.0,0.5921,0.6095,0.537,0.6225,0.6143,0.5988,0.607,0.5735,0.5965,0.2623,0.6002,0.4872,0.5632,0.5921,0.0479,0.6068,0.5921,0.5921,0.0818,0.0549,0.5994,0.111,0.6015
brcchain,0.5921,1.0,0.9421,0.6772,0.928,0.92,0.8896,0.9378,0.8193,0.9133,0.4204,0.9593,0.7117,0.7572,0.9814,0.0625,0.9642,0.9791,0.9838,0.0977,0.0621,0.9177,0.1336,0.961
bridgeless,0.6095,0.9421,1.0,0.7006,0.9635,0.9549,0.9236,0.9862,0.8519,0.9596,0.4254,0.964,0.7292,0.7885,0.9398,0.0622,0.9596,0.9468,0.9421,0.0974,0.0619,0.9629,0.1331,0.9329
cosmos-evm,0.537,0.6772,0.7006,1.0,0.7166,0.7014,0.6953,0.7064,0.7618,0.6885,0.2712,0.6932,0.5558,0.6485,0.6772,0.0559,0.6907,0.6818,0.6772,0.0976,0.0597,0.6872,0.129,0.6866
cvn,0.6225,0.928,0.9635,0.7166,1.0,0.9599,0.9301,0.9566,0.8571,0.9318,0.4274,0.955,0.7339,0.7649,0.928,0.0645,0.9482,0.9327,0.928,0.1006,0.064,0.9358,0.137,0.9423
de-evm,0.6143,0.92,0.9549,0.7014,0.9599,1.0,0.9561,0.9505,0.8552,0.9238,0.4261,0.9372,0.7278,0.7564,0.9177,0.0624,0.933,0.9247,0.92,0.0976,0.062,0.9392,0.1333,0.934
egorasmarket,0.5988,0.8896,0.9236,0.6953,0.9301,0.9561,1.0,0.9284,0.8469,0.9091,0.4128,0.9107,0.703,0.7455,0.8919,0.0593,0.9068,0.8941,0.8896,0.0968,0.0591,0.9288,0.1312,0.9026
guru,0.607,0.9378,0.9862,0.7064,0.9566,0.9505,0.9284,1.0,0.8571,0.9552,0.4227,0.9572,0.724,0.7873,0.9355,0.0617,0.9529,0.9424,0.9378,0.0967,0.0614,0.963,0.1322,0.9285
helios,0.5735,0.8193,0.8519,0.7618,0.8571,0.8552,0.8469,0.8571,1.0,0.8394,0.3748,0.8383,0.6499,0.6966,0.8193,0.0616,0.8326,0.8239,0.8193,0.1002,0.0613,0.8389,0.132,0.8314
hetu,0.5965,0.9133,0.9596,0.6885,0.9318,0.9238,0.9091,0.9552,0.8394,1.0,0.4247,0.935,0.7137,0.7733,0.9156,0.058,0.9309,0.9179,0.9133,0.0972,0.0618,0.9371,0.1329,0.9035
irishub,0.2623,0.4204,0.4254,0.2712,0.4274,0.4261,0.4128,0.4227,0.3748,0.4247,1.0,0.4256,0.4039,0.3577,0.4204,0.1057,0.4184,0.4204,0.4204,0.1678,0.121,0.4104,0.1863,0.4307
kava,0.6002,0.9593,0.964,0.6932,0.955,0.9372,0.9107,0.9572,0.8383,0.935,0.4256,1.0,0.7246,0.7719,0.9616,0.0629,0.9652,0.9616,0.9593,0.0983,0.0625,0.9389,0.1342,0.936
lambdavm,0.4872,0.7117,0.7292,0.5558,0.7339,0.7278,0.703,0.724,0.6499,0.7137,0.4039,0.7246,1.0,0.6282,0.7096,0.0354,0.7221,0.7075,0.7117,0.0972,0.0633,0.7078,0.1228,0.7167
mezod,0.5632,0.7572,0.7885,0.6485,0.7649,0.7564,0.7455,0.7873,0.6966,0.7733,0.3577,0.7719,0.6282,1.0,0.7593,0.0373,0.7733,0.7572,0.7572,0.0872,0.0512,0.7743,0.1157,0.7461
mtt,0.5921,0.9814,0.9398,0.6772,0.928,0.9177,0.8919,0.9355,0.8193,0.9156,0.4204,0.9616,0.7096,0.7593,1.0,0.0625,0.9665,0.9768,0.9814,0.0977,0.0621,0.92,0.1336,0.9587
ollo,0.0479,0.0625,0.0622,0.0559,0.0645,0.0624,0.0593,0.0617,0.0616,0.058,0.1057,0.0629,0.0354,0.0373,0.0625,1.0,0.0621,0.0625,0.0625,0.16,0.1805,0.0594,0.1106,0.0645
planq,0.6068,0.9642,0.9596,0.6907,0.9482,0.933,0.9068,0.9529,0.8326,0.9309,0.4184,0.9652,0.7221,0.7733,0.9665,0.0621,1.0,0.9595,0.9642,0.0972,0.0618,0.9348,0.1329,0.9412
rarimo,0.5921,0.9791,0.9468,0.6818,0.9327,0.9247,0.8941,0.9424,0.8239,0.9179,0.4204,0.9616,0.7075,0.7572,0.9768,0.0625,0.9595,1.0,0.9791,0.0977,0.0621,0.9222,0.1336,0.961
rollup-evm,0.5921,0.9838,0.9421,0.6772,0.928,0.92,0.8896,0.9378,0.8193,0.9133,0.4204,0.9593,0.7117,0.7572,0.9814,0.0625,0.9642,0.9791,1.0,0.0977,0.0621,0.9177,0.1336,0.961
ssc,0.0818,0.0977,0.0974,0.0976,0.1006,0.0976,0.0968,0.0967,0.1002,0.0972,0.1678,0.0983,0.0972,0.0872,0.0977,0.16,0.0972,0.0977,0.0977,1.0,0.4973,0.0969,0.2156,0.1006
stride,0.0549,0.0621,0.0619,0.0597,0.064,0.062,0.0591,0.0614,0.0613,0.0618,0.121,0.0625,0.0633,0.0512,0.0621,0.1805,0.0618,0.0621,0.0621,0.4973,1.0,0.0593,0.1349,0.064
tenet,0.5994,0.9177,0.9629,0.6872,0.9358,0.9392,0.9288,0.963,0.8389,0.9371,0.4104,0.9389,0.7078,0.7743,0.92,0.0594,0.9348,0.9222,0.9177,0.0969,0.0593,1.0,0.1314,0.9083
uptick,0.111,0.1336,0.1331,0.129,0.137,0.1333,0.1312,0.1322,0.132,0.1329,0.1863,0.1342,0.1228,0.1157,0.1336,0.1106,0.1329,0.1336,0.1336,0.2156,0.1349,0.1314,1.0,0.137
xtelabs,0.6015,0.961,0.9329,0.6866,0.9423,0.934,0.9026,0.9285,0.8314,0.9035,0.4307,0.936,0.7167,0.7461,0.9587,0.0645,0.9412,0.961,0.961,0.1006,0.064,0.9083,0.137,1.0
